type,date time,latitude,longitude,accuracy(m),altitude(m),geoid_height(m),speed(m/s),bearing(deg),sat_used,sat_inview,name,desc
T,2023-12-03 20:32:25,47.50596211,8.76117658,4.50,504.000,,0.210,0,28,31,20231203-213225,GPS Logger: 20231203-213225
T,2023-12-03 20:32:26,47.50592787,8.76118094,3.50,508.000,,0.220,0,30,32,,
T,2023-12-03 20:32:27,47.50593642,8.76119980,3.00,505.000,,0.860,0,30,33,,
T,2023-12-03 20:32:28,47.50593508,8.76120969,2.50,505.000,,1.350,0,30,33,,
T,2023-12-03 20:32:29,47.50592644,8.76121589,2.50,504.000,,1.340,0,30,33,,
T,2023-12-03 20:32:30,47.50591781,8.76123366,2.50,503.000,,1.460,0,30,33,,
T,2023-12-03 20:32:31,47.50590448,8.76125772,2.50,504.000,,2.860,131,29,33,,
T,2023-12-03 20:32:32,47.50588516,8.76129418,3.00,505.000,,3.030,123,30,33,,
T,2023-12-03 20:32:33,47.50586928,8.76132879,3.00,505.000,,1.970,123,30,33,,
T,2023-12-03 20:32:34,47.50586081,8.76136073,2.50,504.000,,1.720,123,30,33,,
T,2023-12-03 20:32:35,47.50585604,8.76139015,2.50,503.000,,1.700,114,29,32,,
T,2023-12-03 20:32:36,47.50585222,8.76142535,3.00,502.000,,0.580,107,30,33,,
T,2023-12-03 20:32:37,47.50584824,8.76144547,2.50,501.000,,0.960,98,31,33,,
T,2023-12-03 20:32:38,47.50584250,8.76147816,2.50,498.000,,1.710,99,29,33,,
T,2023-12-03 20:32:39,47.50583030,8.76150255,2.50,496.000,,2.140,107,30,33,,
T,2023-12-03 20:32:40,47.50581886,8.76154396,2.50,494.000,,1.750,101,27,33,,
T,2023-12-03 20:32:41,47.50580868,8.76157095,3.00,492.000,,1.180,101,28,33,,
T,2023-12-03 20:32:42,47.50579812,8.76160515,3.00,492.000,,0.960,100,26,33,,
T,2023-12-03 20:32:43,47.50579644,8.76163188,2.50,492.000,,0.900,100,28,33,,
T,2023-12-03 20:32:44,47.50579577,8.76165166,3.00,491.000,,0.640,97,28,33,,
T,2023-12-03 20:32:45,47.50579895,8.76167731,2.50,488.000,,0.810,79,27,32,,
T,2023-12-03 20:32:46,47.50579803,8.76170866,2.50,487.000,,1.460,79,29,33,,
T,2023-12-03 20:32:47,47.50579786,8.76173699,2.50,485.000,,0.710,81,29,33,,
T,2023-12-03 20:32:48,47.50579313,8.76177287,2.50,484.000,,1.320,106,29,32,,
T,2023-12-03 20:32:49,47.50578500,8.76180363,2.50,483.000,,1.160,116,29,32,,
T,2023-12-03 20:32:50,47.50577846,8.76183079,3.00,481.000,,1.150,124,30,31,,
T,2023-12-03 20:32:51,47.50576874,8.76185702,2.50,481.000,,0.950,133,31,32,,
T,2023-12-03 20:32:52,47.50575818,8.76188334,3.00,480.000,,1.330,127,31,32,,
T,2023-12-03 20:32:53,47.50574615,8.76192064,3.00,479.000,,1.590,137,31,32,,
T,2023-12-03 20:32:54,47.50573684,8.76194562,2.50,479.000,,0.980,138,30,32,,
T,2023-12-03 20:32:55,47.50573223,8.76197579,2.50,479.000,,0.260,142,31,32,,
T,2023-12-03 20:32:56,47.50572612,8.76199658,2.50,480.000,,0.380,146,28,32,,
T,2023-12-03 20:32:57,47.50572176,8.76199239,3.50,480.000,,0.700,189,20,32,,
T,2023-12-03 20:32:58,47.50571518,8.76200530,4.00,480.000,,0.180,203,26,32,,
T,2023-12-03 20:32:59,47.50571237,8.76201955,3.50,481.000,,0.410,203,27,32,,
T,2023-12-03 20:33:00,47.50570830,8.76205081,3.00,481.000,,1.370,117,30,32,,
T,2023-12-03 20:33:01,47.50570181,8.76208434,2.50,482.000,,1.430,107,30,32,,
T,2023-12-03 20:33:02,47.50569623,8.76212860,2.50,482.000,,2.420,103,31,32,,
T,2023-12-03 20:33:03,47.50569297,8.76217537,2.50,483.000,,2.110,93,30,32,,
T,2023-12-03 20:33:04,47.50568664,8.76222256,2.50,483.000,,1.730,76,30,32,,
T,2023-12-03 20:33:05,47.50569146,8.76225910,2.50,484.000,,1.590,67,30,32,,
T,2023-12-03 20:33:06,47.50568928,8.76229783,2.50,484.000,,1.540,52,31,32,,
T,2023-12-03 20:33:07,47.50569787,8.76233622,2.50,485.000,,1.390,55,31,32,,
T,2023-12-03 20:33:08,47.50570290,8.76236530,2.50,485.000,,1.860,54,30,32,,
T,2023-12-03 20:33:09,47.50571296,8.76239967,2.50,485.000,,2.000,51,30,32,,
T,2023-12-03 20:33:10,47.50572050,8.76243621,2.50,485.000,,1.780,50,31,32,,
T,2023-12-03 20:33:11,47.50572457,8.76247334,2.50,486.000,,1.660,53,30,32,,
T,2023-12-03 20:33:12,47.50573123,8.76250846,2.50,485.000,,1.750,58,27,32,,
T,2023-12-03 20:33:13,47.50573437,8.76254777,2.50,485.000,,2.260,66,27,32,,
T,2023-12-03 20:33:14,47.50573710,8.76259354,2.50,484.000,,1.760,69,29,32,,
T,2023-12-03 20:33:15,47.50574259,8.76263821,2.50,484.000,,2.220,70,30,32,,
T,2023-12-03 20:33:16,47.50574820,8.76268130,2.50,483.000,,2.310,67,30,32,,
T,2023-12-03 20:33:17,47.50575864,8.76272480,2.50,482.000,,2.380,64,29,32,,
T,2023-12-03 20:33:18,47.50576295,8.76276922,2.50,482.000,,2.570,80,29,32,,
T,2023-12-03 20:33:19,47.50575684,8.76281809,3.00,481.000,,2.780,102,29,32,,
T,2023-12-03 20:33:20,47.50574422,8.76286520,2.50,481.000,,2.890,119,29,32,,
T,2023-12-03 20:33:21,47.50573257,8.76291348,2.50,481.000,,2.730,125,30,32,,
T,2023-12-03 20:33:22,47.50572188,8.76295379,2.50,481.000,,2.380,122,30,32,,
T,2023-12-03 20:33:23,47.50571547,8.76299822,3.00,481.000,,2.170,108,30,32,,
T,2023-12-03 20:33:24,47.50571279,8.76304130,2.50,481.000,,1.810,99,29,32,,
T,2023-12-03 20:33:25,47.50571325,8.76308464,2.50,482.000,,1.930,93,30,32,,
T,2023-12-03 20:33:26,47.50571635,8.76312713,2.50,481.000,,2.360,79,29,32,,
T,2023-12-03 20:33:27,47.50571694,8.76317784,2.50,481.000,,2.560,78,29,32,,
T,2023-12-03 20:33:28,47.50572251,8.76322051,2.50,481.000,,2.550,73,30,32,,
T,2023-12-03 20:33:29,47.50572880,8.76326258,2.50,480.000,,2.580,68,30,32,,
T,2023-12-03 20:33:30,47.50573806,8.76330634,2.50,480.000,,2.390,67,29,32,,
T,2023-12-03 20:33:31,47.50574502,8.76335621,2.50,480.000,,2.470,64,29,32,,
T,2023-12-03 20:33:32,47.50575210,8.76340373,2.50,479.000,,2.600,67,30,32,,
T,2023-12-03 20:33:33,47.50575629,8.76345319,2.50,479.000,,3.320,76,30,32,,
T,2023-12-03 20:33:34,47.50576337,8.76350566,2.50,479.000,,2.600,74,30,32,,
T,2023-12-03 20:33:35,47.50576991,8.76354815,2.50,479.000,,2.560,71,29,32,,
T,2023-12-03 20:33:36,47.50577364,8.76359040,2.50,479.000,,2.520,74,29,32,,
T,2023-12-03 20:33:37,47.50577783,8.76363197,2.50,479.000,,2.370,79,29,32,,
T,2023-12-03 20:33:38,47.50577603,8.76367765,2.50,479.000,,2.520,92,30,32,,
T,2023-12-03 20:33:39,47.50576585,8.76372451,2.50,479.000,,3.250,104,30,32,,
T,2023-12-03 20:33:40,47.50575868,8.76377790,2.50,479.000,,3.150,107,31,32,,
T,2023-12-03 20:33:41,47.50575172,8.76382207,2.50,479.000,,3.130,108,30,32,,
T,2023-12-03 20:33:42,47.50574523,8.76386918,2.50,480.000,,3.240,101,30,32,,
T,2023-12-03 20:33:43,47.50574125,8.76391092,2.50,480.000,,2.720,97,30,32,,
T,2023-12-03 20:33:44,47.50573676,8.76395501,2.50,480.000,,2.460,93,31,32,,
T,2023-12-03 20:33:45,47.50573161,8.76399558,2.50,481.000,,2.210,91,31,32,,
T,2023-12-03 20:33:46,47.50573249,8.76404143,2.50,480.000,,2.120,90,31,32,,
T,2023-12-03 20:33:47,47.50573211,8.76407739,2.50,480.000,,2.120,86,29,32,,
T,2023-12-03 20:33:48,47.50573651,8.76411586,2.50,480.000,,1.920,81,30,32,,
T,2023-12-03 20:33:49,47.50574162,8.76415517,2.50,480.000,,2.110,82,29,32,,
T,2023-12-03 20:33:50,47.50574774,8.76419197,3.00,480.000,,1.950,78,29,32,,
T,2023-12-03 20:33:51,47.50575315,8.76423044,3.00,480.000,,1.800,78,29,32,,
T,2023-12-03 20:33:52,47.50575897,8.76426430,2.50,480.000,,1.690,74,28,32,,
T,2023-12-03 20:33:53,47.50576220,8.76430009,2.50,480.000,,1.800,70,29,32,,
T,2023-12-03 20:33:54,47.50576849,8.76433589,2.50,480.000,,1.790,69,28,32,,
T,2023-12-03 20:33:55,47.50577607,8.76437411,2.50,479.000,,1.970,70,28,32,,
T,2023-12-03 20:33:56,47.50578236,8.76440839,2.50,478.000,,1.710,72,28,32,,
T,2023-12-03 20:33:57,47.50578873,8.76444167,2.50,478.000,,1.530,79,29,31,,
T,2023-12-03 20:33:58,47.50579246,8.76447301,2.50,477.000,,1.600,78,29,31,,
T,2023-12-03 20:33:59,47.50579778,8.76450654,3.00,477.000,,1.350,77,30,31,,
T,2023-12-03 20:34:00,47.50580465,8.76453831,3.00,476.000,,1.300,73,29,31,,
T,2023-12-03 20:34:01,47.50581258,8.76456706,3.00,475.000,,1.310,69,29,31,,
T,2023-12-03 20:34:02,47.50581924,8.76460293,3.00,474.000,,1.750,75,30,31,,
T,2023-12-03 20:34:03,47.50582477,8.76463654,3.00,474.000,,1.420,81,30,32,,
T,2023-12-03 20:34:04,47.50582381,8.76466890,3.00,473.000,,1.400,85,30,32,,
T,2023-12-03 20:34:05,47.50582041,8.76469790,3.00,473.000,,1.730,108,29,32,,
T,2023-12-03 20:34:06,47.50581245,8.76472757,3.00,473.000,,1.810,117,29,32,,
T,2023-12-03 20:34:07,47.50580721,8.76476085,3.00,472.000,,2.000,119,28,32,,
T,2023-12-03 20:34:08,47.50579325,8.76479262,3.00,472.000,,2.320,127,30,32,,
T,2023-12-03 20:34:09,47.50577192,8.76483318,3.00,472.000,,2.340,134,30,32,,
T,2023-12-03 20:34:10,47.50575709,8.76487426,3.00,472.000,,2.280,136,30,32,,
T,2023-12-03 20:34:11,47.50573496,8.76491164,3.00,472.000,,3.010,153,29,32,,
T,2023-12-03 20:34:12,47.50570721,8.76494391,2.50,473.000,,2.750,158,28,32,,
T,2023-12-03 20:34:13,47.50567964,8.76497920,2.50,472.000,,2.490,155,29,32,,
T,2023-12-03 20:34:14,47.50565726,8.76501314,2.50,472.000,,2.480,151,29,32,,
T,2023-12-03 20:34:15,47.50563308,8.76505438,3.00,472.000,,2.560,146,31,32,,
T,2023-12-03 20:34:16,47.50561283,8.76509084,3.00,473.000,,2.540,144,30,32,,
T,2023-12-03 20:34:17,47.50559268,8.76512948,3.00,474.000,,2.500,141,30,32,,
T,2023-12-03 20:34:18,47.50557646,8.76517064,2.50,476.000,,2.420,132,30,32,,
T,2023-12-03 20:34:19,47.50555772,8.76521079,2.50,476.000,,2.300,127,30,32,,
T,2023-12-03 20:34:20,47.50554180,8.76524717,3.00,476.000,,1.940,121,29,32,,
T,2023-12-03 20:34:21,47.50552742,8.76528480,3.00,477.000,,1.990,120,30,32,,
T,2023-12-03 20:34:22,47.50551674,8.76532822,3.00,478.000,,1.880,120,30,32,,
T,2023-12-03 20:34:23,47.50550735,8.76535906,3.00,478.000,,1.860,122,30,32,,
T,2023-12-03 20:34:24,47.50550056,8.76539536,2.50,478.000,,1.880,122,30,32,,
T,2023-12-03 20:34:25,47.50549234,8.76542285,2.50,478.000,,2.130,121,30,32,,
T,2023-12-03 20:34:26,47.50548342,8.76545420,2.50,478.000,,2.200,116,30,32,,
T,2023-12-03 20:34:27,47.50547353,8.76548471,2.50,478.000,,2.140,117,31,32,,
T,2023-12-03 20:34:28,47.50546158,8.76551447,2.50,478.000,,2.220,121,31,32,,
T,2023-12-03 20:34:29,47.50544876,8.76554414,2.50,477.000,,2.520,124,31,32,,
T,2023-12-03 20:34:30,47.50543283,8.76557758,2.50,477.000,,2.330,126,31,32,,
T,2023-12-03 20:34:31,47.50541816,8.76560817,2.50,477.000,,2.270,130,31,32,,
T,2023-12-03 20:34:32,47.50540153,8.76563751,2.50,478.000,,2.070,133,30,32,,
T,2023-12-03 20:34:33,47.50538753,8.76566517,2.50,478.000,,2.340,131,30,32,,
T,2023-12-03 20:34:34,47.50537177,8.76569535,2.50,477.000,,2.310,132,30,32,,
T,2023-12-03 20:34:35,47.50535597,8.76572410,3.00,477.000,,2.140,133,29,32,,
T,2023-12-03 20:34:36,47.50534084,8.76575276,3.00,477.000,,2.150,131,29,32,,
T,2023-12-03 20:34:37,47.50532777,8.76578269,3.00,477.000,,1.820,131,31,32,,
T,2023-12-03 20:34:38,47.50531222,8.76581177,3.00,477.000,,2.050,133,31,32,,
T,2023-12-03 20:34:39,47.50529801,8.76584178,3.00,477.000,,2.140,133,30,32,,
T,2023-12-03 20:34:40,47.50528225,8.76586743,3.00,477.000,,2.000,135,31,32,,
T,2023-12-03 20:34:41,47.50526792,8.76589458,3.00,477.000,,1.800,136,30,32,,
T,2023-12-03 20:34:42,47.50525514,8.76591898,3.00,476.000,,1.410,134,29,32,,
T,2023-12-03 20:34:43,47.50524546,8.76593775,3.00,476.000,,1.100,133,29,32,,
T,2023-12-03 20:34:44,47.50523758,8.76595150,3.00,476.000,,0.580,137,29,31,,
T,2023-12-03 20:34:45,47.50522743,8.76595619,3.00,477.000,,1.590,192,29,32,,
T,2023-12-03 20:34:46,47.50522044,8.76594865,3.00,477.000,,1.450,223,27,32,,
T,2023-12-03 20:34:47,47.50521499,8.76593876,3.00,477.000,,1.520,252,28,32,,
T,2023-12-03 20:34:48,47.50520908,8.76592929,3.00,477.000,,1.640,262,27,32,,
T,2023-12-03 20:34:49,47.50520120,8.76591613,3.00,477.000,,1.750,261,27,32,,
T,2023-12-03 20:34:50,47.50519366,8.76590280,3.00,477.000,,1.670,263,28,32,,
T,2023-12-03 20:34:51,47.50518699,8.76588687,3.00,477.000,,1.740,263,28,32,,
T,2023-12-03 20:34:52,47.50517865,8.76587204,3.00,477.000,,1.830,259,28,32,,
T,2023-12-03 20:34:53,47.50517115,8.76584957,3.50,477.000,,2.020,254,28,32,,
T,2023-12-03 20:34:54,47.50516113,8.76583532,3.50,478.000,,1.940,249,28,32,,
T,2023-12-03 20:34:55,47.50515078,8.76582032,3.50,478.000,,2.120,249,25,32,,
T,2023-12-03 20:34:56,47.50514114,8.76579811,3.50,478.000,,2.190,250,26,32,,
T,2023-12-03 20:34:57,47.50513490,8.76577229,3.50,478.000,,2.190,252,24,32,,
T,2023-12-03 20:34:58,47.50512589,8.76575176,3.50,479.000,,2.240,254,27,31,,
T,2023-12-03 20:34:59,47.50511960,8.76572452,3.50,479.000,,2.060,256,25,31,,
T,2023-12-03 20:35:00,47.50511030,8.76570239,3.50,480.000,,2.390,255,27,31,,
T,2023-12-03 20:35:01,47.50510380,8.76567263,3.50,480.000,,2.310,254,26,31,,
T,2023-12-03 20:35:02,47.50509643,8.76564397,3.50,480.000,,2.430,257,28,31,,
T,2023-12-03 20:35:03,47.50508876,8.76561421,3.50,480.000,,2.230,259,25,31,,
T,2023-12-03 20:35:04,47.50508218,8.76559191,3.50,480.000,,1.780,260,26,29,,
T,2023-12-03 20:35:05,47.50507748,8.76556895,3.50,480.000,,1.840,261,25,29,,
T,2023-12-03 20:35:06,47.50507094,8.76554020,3.50,480.000,,2.140,258,25,29,,
T,2023-12-03 20:35:07,47.50506286,8.76551522,3.50,481.000,,2.270,256,24,29,,
T,2023-12-03 20:35:08,47.50505602,8.76548731,3.50,481.000,,2.160,258,24,29,,
T,2023-12-03 20:35:09,47.50504806,8.76545814,3.50,481.000,,2.240,256,26,29,,
T,2023-12-03 20:35:10,47.50503968,8.76542939,3.50,481.000,,2.200,256,24,29,,
T,2023-12-03 20:35:11,47.50503503,8.76540433,3.50,481.000,,1.800,261,23,29,,
T,2023-12-03 20:35:12,47.50502874,8.76537818,3.50,481.000,,1.820,259,25,29,,
T,2023-12-03 20:35:13,47.50502019,8.76535068,3.50,481.000,,2.110,258,26,29,,
T,2023-12-03 20:35:14,47.50501277,8.76532009,3.50,481.000,,2.350,256,26,29,,
T,2023-12-03 20:35:15,47.50500406,8.76529109,3.50,481.000,,2.390,252,26,29,,
T,2023-12-03 20:35:16,47.50499521,8.76526033,3.50,481.000,,2.340,253,25,28,,
T,2023-12-03 20:35:17,47.50498654,8.76522856,3.50,481.000,,2.270,253,26,28,,
T,2023-12-03 20:35:18,47.50497962,8.76519763,3.50,481.000,,1.880,256,26,28,,
T,2023-12-03 20:35:19,47.50497267,8.76517089,3.50,482.000,,1.830,256,22,28,,
T,2023-12-03 20:35:20,47.50496688,8.76514222,3.50,482.000,,1.970,259,23,29,,
T,2023-12-03 20:35:21,47.50496022,8.76511381,3.50,481.000,,2.020,258,22,29,,
T,2023-12-03 20:35:22,47.50495113,8.76508263,3.50,482.000,,2.220,254,25,29,,
T,2023-12-03 20:35:23,47.50494157,8.76505069,3.50,482.000,,2.270,252,25,29,,
T,2023-12-03 20:35:24,47.50493197,8.76501390,3.50,481.000,,2.320,254,24,29,,
T,2023-12-03 20:35:25,47.50492275,8.76498087,3.50,482.000,,2.300,253,26,29,,
T,2023-12-03 20:35:26,47.50491248,8.76494667,3.50,482.000,,2.430,251,26,29,,
T,2023-12-03 20:35:27,47.50490373,8.76491197,3.50,482.000,,2.430,254,26,29,,
T,2023-12-03 20:35:28,47.50489606,8.76487727,4.00,482.000,,2.490,257,26,29,,
T,2023-12-03 20:35:29,47.50488801,8.76483855,4.00,482.000,,2.430,255,25,28,,
T,2023-12-03 20:35:30,47.50487674,8.76480502,4.00,482.000,,2.310,253,25,28,,
T,2023-12-03 20:35:31,47.50486823,8.76477275,4.00,481.000,,2.060,252,24,28,,
T,2023-12-03 20:35:32,47.50485871,8.76473973,4.00,482.000,,2.200,254,26,28,,
T,2023-12-03 20:35:33,47.50485100,8.76470310,4.00,482.000,,2.220,257,25,28,,
T,2023-12-03 20:35:34,47.50484392,8.76466672,4.00,482.000,,2.360,258,25,28,,
T,2023-12-03 20:35:35,47.50483629,8.76463152,4.00,482.000,,2.280,259,23,28,,
T,2023-12-03 20:35:36,47.50482938,8.76459623,4.00,482.000,,2.200,258,24,28,,
T,2023-12-03 20:35:37,47.50481907,8.76456086,4.00,482.000,,2.270,252,25,28,,
T,2023-12-03 20:35:38,47.50480750,8.76452632,4.00,482.000,,2.410,248,24,28,,
T,2023-12-03 20:35:39,47.50479728,8.76448852,4.00,482.000,,2.400,248,24,28,,
T,2023-12-03 20:35:40,47.50478646,8.76445206,4.00,482.000,,2.360,248,25,28,,
T,2023-12-03 20:35:41,47.50477699,8.76441694,4.00,482.000,,2.170,250,23,28,,
T,2023-12-03 20:35:42,47.50476727,8.76438190,4.00,482.000,,2.040,252,25,29,,
T,2023-12-03 20:35:43,47.50475771,8.76435139,4.00,482.000,,1.840,251,25,29,,
T,2023-12-03 20:35:44,47.50474933,8.76432046,4.00,482.000,,1.830,253,24,29,,
T,2023-12-03 20:35:45,47.50474258,8.76428492,4.00,482.000,,1.960,258,25,29,,
T,2023-12-03 20:35:46,47.50473634,8.76425005,4.00,482.000,,2.200,260,26,29,,
T,2023-12-03 20:35:47,47.50472972,8.76421443,4.00,482.000,,2.220,258,26,29,,
T,2023-12-03 20:35:48,47.50472242,8.76418149,4.00,482.000,,2.120,259,25,29,,
T,2023-12-03 20:35:49,47.50471538,8.76414050,4.00,482.000,,2.240,256,25,29,,
T,2023-12-03 20:35:50,47.50470788,8.76410781,4.00,482.000,,2.160,252,25,28,,
T,2023-12-03 20:35:51,47.50470072,8.76407479,4.00,482.000,,2.180,251,26,28,,
T,2023-12-03 20:35:52,47.50469238,8.76404420,4.00,482.000,,1.850,247,25,28,,
T,2023-12-03 20:35:53,47.50468332,8.76401603,4.00,482.000,,1.900,245,25,28,,
T,2023-12-03 20:35:54,47.50467477,8.76398426,4.00,482.000,,1.990,245,24,28,,
T,2023-12-03 20:35:55,47.50466367,8.76394889,4.00,482.000,,2.090,243,25,29,,
T,2023-12-03 20:35:56,47.50465747,8.76391788,4.00,482.000,,1.720,248,25,29,,
T,2023-12-03 20:35:57,47.50465633,8.76388838,4.00,482.000,,1.580,257,27,29,,
T,2023-12-03 20:35:58,47.50465684,8.76385619,4.00,482.000,,1.860,270,27,29,,
T,2023-12-03 20:35:59,47.50466568,8.76382752,4.50,482.000,,1.910,297,25,29,,
T,2023-12-03 20:36:00,47.50467771,8.76380322,4.50,482.000,,1.830,324,24,29,,
T,2023-12-03 20:36:01,47.50469133,8.76378377,4.50,482.000,,1.910,333,24,29,,
T,2023-12-03 20:36:02,47.50470654,8.76376139,4.50,483.000,,2.180,336,24,29,,
T,2023-12-03 20:36:03,47.50472377,8.76374136,4.50,483.000,,2.370,343,23,29,,
T,2023-12-03 20:36:04,47.50474694,8.76372283,4.50,482.000,,2.750,345,25,29,,
T,2023-12-03 20:36:05,47.50476765,8.76370045,4.50,482.000,,2.610,344,25,28,,
T,2023-12-03 20:36:06,47.50478315,8.76367657,4.50,482.000,,2.110,341,24,29,,
T,2023-12-03 20:36:07,47.50479371,8.76365092,4.50,482.000,,1.770,330,23,29,,
T,2023-12-03 20:36:08,47.50480306,8.76362166,4.50,482.000,,2.140,311,25,30,,
T,2023-12-03 20:36:09,47.50481115,8.76358621,4.50,482.000,,2.150,293,26,30,,
T,2023-12-03 20:36:10,47.50481731,8.76355167,4.50,482.000,,2.000,282,27,30,,
T,2023-12-03 20:36:11,47.50481978,8.76352108,4.50,482.000,,1.490,271,27,29,,
T,2023-12-03 20:36:12,47.50481513,8.76348336,4.50,481.000,,2.200,262,27,29,,
T,2023-12-03 20:36:13,47.50481387,8.76344489,4.00,481.000,,2.310,261,26,29,,
T,2023-12-03 20:36:14,47.50480792,8.76340281,4.00,480.000,,2.510,257,26,29,,
T,2023-12-03 20:36:15,47.50480423,8.76336300,4.00,480.000,,2.390,259,25,29,,
T,2023-12-03 20:36:16,47.50480155,8.76332721,4.00,480.000,,1.930,259,25,29,,
T,2023-12-03 20:36:17,47.50479811,8.76329376,4.50,480.000,,2.170,261,24,28,,
T,2023-12-03 20:36:18,47.50479049,8.76325831,4.50,480.000,,2.230,256,23,28,,
T,2023-12-03 20:36:19,47.50478135,8.76322067,4.50,480.000,,2.180,248,24,28,,
T,2023-12-03 20:36:20,47.50477343,8.76318178,4.50,480.000,,1.940,247,26,29,,
T,2023-12-03 20:36:21,47.50476588,8.76314985,4.50,480.000,,1.960,247,26,29,,
T,2023-12-03 20:36:22,47.50475792,8.76311950,4.50,480.000,,1.840,247,25,29,,
T,2023-12-03 20:36:23,47.50474958,8.76308480,4.50,480.000,,1.910,243,27,29,,
T,2023-12-03 20:36:24,47.50473923,8.76305111,4.50,480.000,,2.010,244,27,29,,
T,2023-12-03 20:36:25,47.50473181,8.76301758,4.50,480.000,,1.830,244,26,28,,
T,2023-12-03 20:36:26,47.50472339,8.76298640,4.50,479.000,,1.850,245,25,29,,
T,2023-12-03 20:36:27,47.50471576,8.76295648,4.50,479.000,,1.800,248,25,30,,
T,2023-12-03 20:36:28,47.50470885,8.76291733,4.50,479.000,,2.240,251,23,30,,
T,2023-12-03 20:36:29,47.50470172,8.76288380,4.50,479.000,,2.080,254,24,30,,
T,2023-12-03 20:36:30,47.50469535,8.76284726,4.50,478.000,,1.910,255,25,30,,
T,2023-12-03 20:36:31,47.50468835,8.76281356,4.50,478.000,,2.020,256,24,30,,
T,2023-12-03 20:36:32,47.50468043,8.76277367,4.50,479.000,,2.290,252,26,30,,
T,2023-12-03 20:36:33,47.50467188,8.76273855,4.50,479.000,,2.030,250,24,30,,
T,2023-12-03 20:36:34,47.50466396,8.76270385,4.50,479.000,,2.170,250,24,29,,
T,2023-12-03 20:36:35,47.50466145,8.76266839,4.50,479.000,,2.170,253,26,29,,
T,2023-12-03 20:36:36,47.50465675,8.76262967,4.50,479.000,,2.150,255,25,29,,
T,2023-12-03 20:36:37,47.50465093,8.76259446,4.50,479.000,,2.020,256,25,29,,
T,2023-12-03 20:36:38,47.50464607,8.76255716,4.50,479.000,,2.160,258,23,29,,
T,2023-12-03 20:36:39,47.50463944,8.76252095,4.50,479.000,,2.130,257,24,29,,
T,2023-12-03 20:36:40,47.50463345,8.76248349,4.50,479.000,,2.090,257,23,29,,
T,2023-12-03 20:36:41,47.50462792,8.76244292,4.50,479.000,,2.200,258,25,29,,
T,2023-12-03 20:36:42,47.50462222,8.76240620,4.50,478.000,,2.250,256,25,29,,
T,2023-12-03 20:36:43,47.50461597,8.76236253,4.50,479.000,,2.560,254,24,29,,
T,2023-12-03 20:36:44,47.50461007,8.76232297,4.50,479.000,,2.370,257,24,29,,
T,2023-12-03 20:36:45,47.50460680,8.76227989,4.50,479.000,,2.400,259,26,29,,
T,2023-12-03 20:36:46,47.50460173,8.76223966,4.50,479.000,,2.290,261,26,29,,
T,2023-12-03 20:36:47,47.50459624,8.76219423,4.50,479.000,,2.420,259,26,29,,
T,2023-12-03 20:36:48,47.50459129,8.76215299,4.50,479.000,,2.400,259,25,29,,
T,2023-12-03 20:36:49,47.50458567,8.76211166,4.50,479.000,,2.720,257,25,29,,
T,2023-12-03 20:36:50,47.50457947,8.76206690,4.50,479.000,,2.770,255,24,29,,
T,2023-12-03 20:36:51,47.50457650,8.76202340,4.50,479.000,,2.460,257,25,29,,
T,2023-12-03 20:36:52,47.50457754,8.76198292,4.50,479.000,,2.470,264,26,28,,
T,2023-12-03 20:36:53,47.50458127,8.76194503,4.50,479.000,,2.180,271,26,29,,
T,2023-12-03 20:36:54,47.50458366,8.76190295,4.50,479.000,,2.380,274,26,30,,
T,2023-12-03 20:36:55,47.50458605,8.76185920,4.50,479.000,,2.400,278,27,30,,
T,2023-12-03 20:36:56,47.50458978,8.76181411,4.50,479.000,,2.520,277,27,30,,
T,2023-12-03 20:36:57,47.50459288,8.76177480,4.50,480.000,,2.240,275,27,30,,
T,2023-12-03 20:36:58,47.50459649,8.76173984,4.50,479.000,,1.640,278,27,30,,
T,2023-12-03 20:36:59,47.50460604,8.76171528,4.50,480.000,,1.520,287,27,30,,
T,2023-12-03 20:37:00,47.50461547,8.76168880,4.50,479.000,,1.460,299,25,30,,
T,2023-12-03 20:37:01,47.50463064,8.76167513,4.50,480.000,,2.060,328,24,30,,
T,2023-12-03 20:37:02,47.50464623,8.76164219,4.00,480.000,,2.190,342,26,30,,
T,2023-12-03 20:37:03,47.50466849,8.76162132,4.00,480.000,,2.330,348,25,29,,
T,2023-12-03 20:37:04,47.50469129,8.76160573,4.00,480.000,,2.550,353,28,30,,
T,2023-12-03 20:37:05,47.50471069,8.76157053,4.00,481.000,,2.720,354,27,30,,
T,2023-12-03 20:37:06,47.50473701,8.76155728,4.00,481.000,,2.650,352,24,30,,
T,2023-12-03 20:37:07,47.50476316,8.76154345,4.00,481.000,,2.600,349,26,30,,
T,2023-12-03 20:37:08,47.50479342,8.76152300,4.00,481.000,,2.820,347,26,30,,
T,2023-12-03 20:37:09,47.50482125,8.76150926,4.00,480.000,,2.550,347,25,30,,
T,2023-12-03 20:37:10,47.50484589,8.76149710,4.00,480.000,,2.410,345,26,30,,
T,2023-12-03 20:37:11,47.50487003,8.76147715,3.50,480.000,,2.350,345,26,30,,
T,2023-12-03 20:37:12,47.50489073,8.76145972,3.50,480.000,,2.190,344,23,30,,
T,2023-12-03 20:37:13,47.50491299,8.76144279,3.50,480.000,,2.360,344,26,30,,
T,2023-12-03 20:37:14,47.50493428,8.76142125,3.50,481.000,,2.400,343,27,30,,
T,2023-12-03 20:37:15,47.50495666,8.76139945,3.50,481.000,,2.440,345,28,30,,
T,2023-12-03 20:37:16,47.50498021,8.76138655,3.50,480.000,,2.350,347,26,30,,
T,2023-12-03 20:37:17,47.50500293,8.76136936,3.50,480.000,,2.260,347,27,30,,
T,2023-12-03 20:37:18,47.50502707,8.76135168,3.50,480.000,,2.230,347,28,30,,
T,2023-12-03 20:37:19,47.50505100,8.76133122,3.50,481.000,,2.470,348,29,30,,
T,2023-12-03 20:37:20,47.50507375,8.76131295,3.50,481.000,,2.380,350,28,30,,
T,2023-12-03 20:37:21,47.50508792,8.76129770,3.50,481.000,,1.090,350,28,30,,
T,2023-12-03 20:37:22,47.50510401,8.76128387,3.50,481.000,,1.180,351,27,30,,
T,2023-12-03 20:37:23,47.50512606,8.76126861,3.50,481.000,,1.810,347,26,30,,
T,2023-12-03 20:37:24,47.50515237,8.76124363,3.50,482.000,,1.480,347,27,30,,
T,2023-12-03 20:37:25,47.50518175,8.76122176,3.00,483.000,,1.220,353,30,31,,
